MSE: 2.763368844985962
R2: 0.40334969758987427
