MSE: 2.1994781494140625
R2: 0.5251016616821289
