MSE: 2.2072532176971436
R2: 0.5234228372573853
