MSE: 4035.0566271662237
R2: -0.004411067825476045
