MSE: 803.6983925524102
R2: -0.0030565258110827865
