MSE: 522.0902762692755
R2: 0.2634814816663151
