MSE: 825.7926096041524
R2: 0.25966028478541764
