MSE: 9234.912491126797
R2: 9.735896822071765e-09
