MSE: 1210.4947482271857
R2: -8.92738014889309e-14
