MSE: 4.4858856201171875
R2: 0.3494340777397156
