MSE: 3.095425605773926
R2: 0.5501492023468018
