MSE: 6.841054916381836
R2: 0.007875382900238037
