MSE: 2.9271137714385986
R2: 0.3679947853088379
