MSE: 2.194213390350342
R2: 0.5262383222579956
