MSE: 2.6327011585235596
R2: 0.4315626621246338
