MSE: 4.182426452636719
R2: 0.3921779990196228
