MSE: 4.930318355560303
R2: 0.2834886312484741
