MSE: 3.134127616882324
R2: 0.5445247292518616
