MSE: 1175.094753841553
R2: -0.015487140936616791
