MSE: 8975.803693064656
R2: -0.00907061240857442
