MSE: 766.027122729169
R2: 0.11583876094251244
