#Before erasure
MSE: 476.63438159835175
R2: 0.3635612028448012
