MSE: 737.8833619991685
R2: 0.06139195311771958
