MSE: 3675.720557919291
R2: 0.04310180463979678
